
<html>
<head>
    <title>📈 BarberBot Logger 5.0</title>
    <meta charset="UTF-8">
</head>
<body style="background-color:#111;color:white;font-family:monospace;">
    <h1>📉 BarberBot Logger 5.0</h1>
    <table border="1" style="border-collapse:collapse;width:100%">
        <tr style="background-color:#222;">
            <th>Ticker</th>
            <th>Price</th>
            <th>Change</th>
            <th>Time</th>
        </tr>
        <tr><td>AON</td><td>359.95</td><td>5.25</td><td>2025-06-24 02:55:36 UTC</td></tr>
<tr><td>CL</td><td>88.67</td><td>0.89</td><td>2025-06-24 02:55:36 UTC</td></tr>
<tr><td>TRV</td><td>267.62</td><td>2.64</td><td>2025-06-24 02:55:36 UTC</td></tr>
<tr><td>ROST</td><td>127.87</td><td>0.2</td><td>2025-06-24 02:55:36 UTC</td></tr>
<tr><td>PSA</td><td>294.76</td><td>4.68</td><td>2025-06-24 02:55:36 UTC</td></tr>
<tr><td>MET</td><td>79.63</td><td>0.42</td><td>2025-06-24 02:55:36 UTC</td></tr>
<tr><td>F</td><td>10.75</td><td>0.16</td><td>2025-06-24 02:55:36 UTC</td></tr>
<tr><td>HCA</td><td>378.72</td><td>1.22</td><td>2025-06-24 02:55:36 UTC</td></tr>
<tr><td>STZ</td><td>163.3</td><td>0.9</td><td>2025-06-24 02:55:36 UTC</td></tr>
<tr><td>COF</td><td>201.64</td><td>3.27</td><td>2025-06-24 02:55:37 UTC</td></tr>
<tr><td>ALL</td><td>198.33</td><td>3</td><td>2025-06-24 02:55:37 UTC</td></tr>
<tr><td>DOW</td><td>26.87</td><td>-0.89</td><td>2025-06-24 02:55:37 UTC</td></tr>

    </table>
    <p style="color:gray;">Last Updated: 2025-06-24 02:55:34 UTC</p>
    <hr/>
    <h3>📜 Historical Log</h3>
    <pre>2025-06-24 02:55:36 UTC | AON | $359.95 | Δ 5.25
2025-06-24 02:55:36 UTC | CL | $88.67 | Δ 0.89
2025-06-24 02:55:36 UTC | TRV | $267.62 | Δ 2.64
2025-06-24 02:55:36 UTC | ROST | $127.87 | Δ 0.2
2025-06-24 02:55:36 UTC | PSA | $294.76 | Δ 4.68
2025-06-24 02:55:36 UTC | MET | $79.63 | Δ 0.42
2025-06-24 02:55:36 UTC | F | $10.75 | Δ 0.16
2025-06-24 02:55:36 UTC | HCA | $378.72 | Δ 1.22
2025-06-24 02:55:36 UTC | STZ | $163.3 | Δ 0.9
2025-06-24 02:55:37 UTC | COF | $201.64 | Δ 3.27
2025-06-24 02:55:37 UTC | ALL | $198.33 | Δ 3
2025-06-24 02:55:37 UTC | DOW | $26.87 | Δ -0.89
</pre>
</body>
</html>
