
<html>
<head>
    <title>📈 BarberBot Logger 5.0</title>
    <meta charset="UTF-8">
</head>
<body style="background-color:#111;color:white;font-family:monospace;">
    <h1>📉 BarberBot Logger 5.0</h1>
    <table border="1" style="border-collapse:collapse;width:100%">
        <tr style="background-color:#222;">
            <th>Ticker</th>
            <th>Price</th>
            <th>Change</th>
            <th>Time</th>
        </tr>
        <tr><td>AAPL</td><td>201.5</td><td>0.5</td><td>2025-06-24 02:50:36 UTC</td></tr>
<tr><td>MSFT</td><td>486</td><td>8.6</td><td>2025-06-24 02:50:36 UTC</td></tr>
<tr><td>GOOGL</td><td>165.19</td><td>-1.45</td><td>2025-06-24 02:50:36 UTC</td></tr>
<tr><td>AMZN</td><td>208.47</td><td>-1.22</td><td>2025-06-24 02:50:36 UTC</td></tr>
<tr><td>NVDA</td><td>144.17</td><td>0.32</td><td>2025-06-24 02:50:37 UTC</td></tr>
<tr><td>TSLA</td><td>348.68</td><td>26.52</td><td>2025-06-24 02:50:37 UTC</td></tr>
<tr><td>META</td><td>698.53</td><td>16.18</td><td>2025-06-24 02:50:37 UTC</td></tr>
<tr><td>JPM</td><td>278.27</td><td>3.27</td><td>2025-06-24 02:50:37 UTC</td></tr>
<tr><td>V</td><td>343.75</td><td>5.18</td><td>2025-06-24 02:50:37 UTC</td></tr>
<tr><td>MA</td><td>542.35</td><td>9.38</td><td>2025-06-24 02:50:37 UTC</td></tr>

    </table>
    <p style="color:gray;">Last Updated: 2025-06-24 02:50:36 UTC</p>
    <hr/>
    <h3>📜 Historical Log</h3>
    <pre>2025-06-24 02:50:36 UTC | AAPL | $201.5 | Δ 0.5
2025-06-24 02:50:36 UTC | MSFT | $486 | Δ 8.6
2025-06-24 02:50:36 UTC | GOOGL | $165.19 | Δ -1.45
2025-06-24 02:50:36 UTC | AMZN | $208.47 | Δ -1.22
2025-06-24 02:50:37 UTC | NVDA | $144.17 | Δ 0.32
2025-06-24 02:50:37 UTC | TSLA | $348.68 | Δ 26.52
2025-06-24 02:50:37 UTC | META | $698.53 | Δ 16.18
2025-06-24 02:50:37 UTC | JPM | $278.27 | Δ 3.27
2025-06-24 02:50:37 UTC | V | $343.75 | Δ 5.18
2025-06-24 02:50:37 UTC | MA | $542.35 | Δ 9.38
</pre>
</body>
</html>
