
<html>
<head>
    <title>📈 BarberBot Logger 5.0</title>
    <meta charset="UTF-8">
</head>
<body style="background-color:#111;color:white;font-family:monospace;">
    <h1>📉 BarberBot Logger 5.0</h1>
    <table border="1" style="border-collapse:collapse;width:100%">
        <tr style="background-color:#222;">
            <th>Ticker</th>
            <th>Price</th>
            <th>Change</th>
            <th>Time</th>
        </tr>
        <tr><td>BKNG</td><td>5333.42</td><td>29.39</td><td>2025-06-24 02:57:58 UTC</td></tr>
<tr><td>LMT</td><td>472.46</td><td>1.9</td><td>2025-06-24 02:57:58 UTC</td></tr>
<tr><td>REGN</td><td>511.92</td><td>2.2</td><td>2025-06-24 02:57:58 UTC</td></tr>
<tr><td>DE</td><td>514.08</td><td>-7.3</td><td>2025-06-24 02:57:58 UTC</td></tr>
<tr><td>MDT</td><td>85.96</td><td>-0.38</td><td>2025-06-24 02:57:58 UTC</td></tr>
<tr><td>AXP</td><td>299.63</td><td>1.04</td><td>2025-06-24 02:57:58 UTC</td></tr>
<tr><td>NOW</td><td>980.4</td><td>8.99</td><td>2025-06-24 02:57:58 UTC</td></tr>
<tr><td>MO</td><td>60.49</td><td>0.74</td><td>2025-06-24 02:57:58 UTC</td></tr>
<tr><td>TJX</td><td>124.76</td><td>1.26</td><td>2025-06-24 02:57:58 UTC</td></tr>
<tr><td>TGT</td><td>96.53</td><td>0.99</td><td>2025-06-24 02:57:58 UTC</td></tr>

    </table>
    <p style="color:gray;">Last Updated: 2025-06-24 02:57:58 UTC</p>
    <hr/>
    <h3>📜 Historical Log</h3>
    <pre>2025-06-24 02:57:58 UTC | BKNG | $5333.42 | Δ 29.39
2025-06-24 02:57:58 UTC | LMT | $472.46 | Δ 1.9
2025-06-24 02:57:58 UTC | REGN | $511.92 | Δ 2.2
2025-06-24 02:57:58 UTC | DE | $514.08 | Δ -7.3
2025-06-24 02:57:58 UTC | MDT | $85.96 | Δ -0.38
2025-06-24 02:57:58 UTC | AXP | $299.63 | Δ 1.04
2025-06-24 02:57:58 UTC | NOW | $980.4 | Δ 8.99
2025-06-24 02:57:58 UTC | MO | $60.49 | Δ 0.74
2025-06-24 02:57:58 UTC | TJX | $124.76 | Δ 1.26
2025-06-24 02:57:58 UTC | TGT | $96.53 | Δ 0.99
</pre>
</body>
</html>
